1657970054470 4.49213430463026 0
1657970102357 4.49213430463026 0
1657970102359 2.5839311796372444 0
1657970149280 4.49213430463026 0
1657970149281 2.5839311796372444 0
1657970149283 1.8798099812027067 0
1657970196154 4.49213430463026 0
1657970196154 2.5839311796372444 0
1657970196154 1.8798099812027067 0
1657970196154 1.5580138237056478 0
1657970242954 4.49213430463026 0
1657970242956 2.5839311796372444 0
1657970242958 1.8798099812027067 0
1657970242960 1.5580138237056478 0
1657970242962 1.2925172503259577 0
