1657973909549 2.122664451751237 0
1657973952255 2.122664451751237 0
1657973952256 1.2833771424988905 0
1657973996312 2.122664451751237 0
1657973996315 1.2833771424988905 0
1657973996317 0.9554636844204893 0
1657974040671 2.122664451751237 0
1657974040673 1.2833771424988905 0
1657974040675 0.9554636844204893 0
1657974040678 0.7562187707769529 0
1657974085236 2.122664451751237 0
1657974085238 1.2833771424988905 0
1657974085239 0.9554636844204893 0
1657974085241 0.7562187707769529 0
1657974085242 0.6681154971147771 0
