1657971957802 4.3372077758796515 0
1657972009882 4.3372077758796515 0
1657972009883 2.378488489564819 0
1657972059815 4.3372077758796515 0
1657972059815 2.378488489564819 0
1657972059815 1.7745115174601476 0
1657972109541 4.3372077758796515 0
1657972109541 2.378488489564819 0
1657972109557 1.7745115174601476 0
1657972109557 1.4100248515668015 0
1657972159416 4.3372077758796515 0
1657972159418 2.378488489564819 0
1657972159420 1.7745115174601476 0
1657972159422 1.4100248515668015 0
1657972159424 1.216623609631982 0
1657972205409 4.3372077758796515 0
1657972205411 2.378488489564819 0
1657972205413 1.7745115174601476 0
1657972205415 1.4100248515668015 0
1657972205417 1.216623609631982 0
1657972205418 1.0988752387993737 0
1657972251724 4.3372077758796515 0
1657972251725 2.378488489564819 0
1657972251727 1.7745115174601476 0
1657972251729 1.4100248515668015 0
1657972251731 1.216623609631982 0
1657972251733 1.0988752387993737 0
1657972251734 0.995243212172063 0
1657972298298 4.3372077758796515 0
1657972298300 2.378488489564819 0
1657972298302 1.7745115174601476 0
1657972298303 1.4100248515668015 0
1657972298305 1.216623609631982 0
1657972298307 1.0988752387993737 0
1657972298309 0.995243212172063 0
1657972298311 0.9317546751705231 0
1657972346059 4.3372077758796515 0
1657972346061 2.378488489564819 0
1657972346063 1.7745115174601476 0
1657972346065 1.4100248515668015 0
1657972346067 1.216623609631982 0
1657972346069 1.0988752387993737 0
1657972346071 0.995243212172063 0
1657972346073 0.9317546751705231 0
1657972346074 0.9184875677112723 0
1657972393764 4.3372077758796515 0
1657972393766 2.378488489564819 0
1657972393767 1.7745115174601476 0
1657972393769 1.4100248515668015 0
1657972393771 1.216623609631982 0
1657972393773 1.0988752387993737 0
1657972393774 0.995243212172063 0
1657972393776 0.9317546751705231 0
1657972393778 0.9184875677112723 0
1657972393780 0.8753224496199983 0
1657972441466 4.3372077758796515 0
1657972441468 2.378488489564819 0
1657972441470 1.7745115174601476 0
1657972441472 1.4100248515668015 0
1657972441474 1.216623609631982 0
1657972441475 1.0988752387993737 0
1657972441477 0.995243212172063 0
1657972441479 0.9317546751705231 0
1657972441480 0.9184875677112723 0
1657972441482 0.8753224496199983 0
1657972441484 0.7875663251942994 0
1657972489201 4.3372077758796515 0
1657972489203 2.378488489564819 0
1657972489205 1.7745115174601476 0
1657972489206 1.4100248515668015 0
1657972489208 1.216623609631982 0
1657972489210 1.0988752387993737 0
1657972489212 0.995243212172063 0
1657972489213 0.9317546751705231 0
1657972489215 0.9184875677112723 0
1657972489217 0.8753224496199983 0
1657972489219 0.7875663251942994 0
1657972489221 0.775564741899337 0
1657972536396 4.3372077758796515 0
1657972536398 2.378488489564819 0
1657972536400 1.7745115174601476 0
1657972536402 1.4100248515668015 0
1657972536404 1.216623609631982 0
1657972536405 1.0988752387993737 0
1657972536407 0.995243212172063 0
1657972536409 0.9317546751705231 0
1657972536410 0.9184875677112723 0
1657972536412 0.8753224496199983 0
1657972536414 0.7875663251942994 0
1657972536416 0.775564741899337 0
1657972536418 0.7441737287666182 0
1657972584537 4.3372077758796515 0
1657972584538 2.378488489564819 0
1657972584540 1.7745115174601476 0
1657972584542 1.4100248515668015 0
1657972584544 1.216623609631982 0
1657972584546 1.0988752387993737 0
1657972584547 0.995243212172063 0
1657972584549 0.9317546751705231 0
1657972584551 0.9184875677112723 0
1657972584553 0.8753224496199983 0
1657972584555 0.7875663251942994 0
1657972584556 0.775564741899337 0
1657972584558 0.7441737287666182 0
1657972584560 0.725758643358422 0
1657972632452 4.3372077758796515 0
1657972632454 2.378488489564819 0
1657972632456 1.7745115174601476 0
1657972632457 1.4100248515668015 0
1657972632459 1.216623609631982 0
1657972632461 1.0988752387993737 0
1657972632462 0.995243212172063 0
1657972632464 0.9317546751705231 0
1657972632466 0.9184875677112723 0
1657972632468 0.8753224496199983 0
1657972632470 0.7875663251942994 0
1657972632471 0.775564741899337 0
1657972632473 0.7441737287666182 0
1657972632475 0.725758643358422 0
1657972632476 0.7033942716433861 0
