1657971957802 0.87625 0
1657972009876 0.87625 0
1657972009879 0.9301166666666667 0
1657972059807 0.87625 0
1657972059807 0.9301166666666667 0
1657972059815 0.9484166666666667 0
1657972109541 0.87625 0
1657972109541 0.9301166666666667 0
1657972109541 0.9484166666666667 0
1657972109541 0.9596833333333333 0
1657972159401 0.87625 0
1657972159404 0.9301166666666667 0
1657972159407 0.9484166666666667 0
1657972159410 0.9596833333333333 0
1657972159413 0.9647833333333333 0
1657972205391 0.87625 0
1657972205393 0.9301166666666667 0
1657972205395 0.9484166666666667 0
1657972205396 0.9596833333333333 0
1657972205406 0.9647833333333333 0
1657972205407 0.9679666666666666 0
1657972251711 0.87625 0
1657972251713 0.9301166666666667 0
1657972251715 0.9484166666666667 0
1657972251717 0.9596833333333333 0
1657972251719 0.9647833333333333 0
1657972251720 0.9679666666666666 0
1657972251722 0.9712666666666666 0
1657972298277 0.87625 0
1657972298286 0.9301166666666667 0
1657972298287 0.9484166666666667 0
1657972298289 0.9596833333333333 0
1657972298291 0.9647833333333333 0
1657972298293 0.9679666666666666 0
1657972298295 0.9712666666666666 0
1657972298297 0.9729666666666666 0
1657972346035 0.87625 0
1657972346044 0.9301166666666667 0
1657972346045 0.9484166666666667 0
1657972346047 0.9596833333333333 0
1657972346049 0.9647833333333333 0
1657972346051 0.9679666666666666 0
1657972346053 0.9712666666666666 0
1657972346055 0.9729666666666666 0
1657972346057 0.97355 0
1657972393746 0.87625 0
1657972393749 0.9301166666666667 0
1657972393750 0.9484166666666667 0
1657972393752 0.9596833333333333 0
1657972393754 0.9647833333333333 0
1657972393756 0.9679666666666666 0
1657972393757 0.9712666666666666 0
1657972393759 0.9729666666666666 0
1657972393761 0.97355 0
1657972393762 0.9744666666666667 0
1657972441434 0.87625 0
1657972441448 0.9301166666666667 0
1657972441450 0.9484166666666667 0
1657972441452 0.9596833333333333 0
1657972441454 0.9647833333333333 0
1657972441456 0.9679666666666666 0
1657972441458 0.9712666666666666 0
1657972441459 0.9729666666666666 0
1657972441461 0.97355 0
1657972441463 0.9744666666666667 0
1657972441465 0.97755 0
1657972489165 0.87625 0
1657972489181 0.9301166666666667 0
1657972489182 0.9484166666666667 0
1657972489182 0.9596833333333333 0
1657972489182 0.9647833333333333 0
1657972489182 0.9679666666666666 0
1657972489182 0.9712666666666666 0
1657972489182 0.9729666666666666 0
1657972489182 0.97355 0
1657972489182 0.9744666666666667 0
1657972489182 0.97755 0
1657972489199 0.9776 0
1657972536362 0.87625 0
1657972536375 0.9301166666666667 0
1657972536376 0.9484166666666667 0
1657972536379 0.9596833333333333 0
1657972536380 0.9647833333333333 0
1657972536382 0.9679666666666666 0
1657972536384 0.9712666666666666 0
1657972536386 0.9729666666666666 0
1657972536388 0.97355 0
1657972536390 0.9744666666666667 0
1657972536391 0.97755 0
1657972536393 0.9776 0
1657972536395 0.9789333333333333 0
1657972584512 0.87625 0
1657972584514 0.9301166666666667 0
1657972584516 0.9484166666666667 0
1657972584518 0.9596833333333333 0
1657972584520 0.9647833333333333 0
1657972584521 0.9679666666666666 0
1657972584523 0.9712666666666666 0
1657972584525 0.9729666666666666 0
1657972584526 0.97355 0
1657972584528 0.9744666666666667 0
1657972584530 0.97755 0
1657972584532 0.9776 0
1657972584533 0.9789333333333333 0
1657972584535 0.9795 0
1657972632417 0.87625 0
1657972632427 0.9301166666666667 0
1657972632429 0.9484166666666667 0
1657972632431 0.9596833333333333 0
1657972632433 0.9647833333333333 0
1657972632435 0.9679666666666666 0
1657972632437 0.9712666666666666 0
1657972632438 0.9729666666666666 0
1657972632440 0.97355 0
1657972632442 0.9744666666666667 0
1657972632443 0.97755 0
1657972632445 0.9776 0
1657972632447 0.9789333333333333 0
1657972632449 0.9795 0
1657972632450 0.9800333333333333 0
