1657970534699 0.8434833333333334 0
1657970582502 0.8434833333333334 0
1657970582512 0.9160333333333334 0
1657970628730 0.8434833333333334 0
1657970628738 0.9160333333333334 0
1657970628740 0.9431 0
1657970676225 0.8434833333333334 0
1657970676230 0.9160333333333334 0
1657970676232 0.9431 0
1657970676234 0.9562833333333334 0
1657970723268 0.8434833333333334 0
1657970723272 0.9160333333333334 0
1657970723274 0.9431 0
1657970723276 0.9562833333333334 0
1657970723278 0.9642666666666667 0
1657970769990 0.8434833333333334 0
1657970769992 0.9160333333333334 0
1657970769994 0.9431 0
1657970769995 0.9562833333333334 0
1657970769998 0.9642666666666667 0
1657970770000 0.9680166666666666 0
1657970817239 0.8434833333333334 0
1657970817256 0.9160333333333334 0
1657970817259 0.9431 0
1657970817261 0.9562833333333334 0
1657970817262 0.9642666666666667 0
1657970817264 0.9680166666666666 0
1657970817266 0.9718833333333333 0
1657970864605 0.8434833333333334 0
1657970864615 0.9160333333333334 0
1657970864617 0.9431 0
1657970864620 0.9562833333333334 0
1657970864622 0.9642666666666667 0
1657970864623 0.9680166666666666 0
1657970864625 0.9718833333333333 0
1657970864627 0.9738833333333333 0
1657970911303 0.8434833333333334 0
1657970911305 0.9160333333333334 0
1657970911307 0.9431 0
1657970911309 0.9562833333333334 0
1657970911310 0.9642666666666667 0
1657970911312 0.9680166666666666 0
1657970911314 0.9718833333333333 0
1657970911315 0.9738833333333333 0
1657970911317 0.9746 0
1657970958137 0.8434833333333334 0
1657970958142 0.9160333333333334 0
1657970958144 0.9431 0
1657970958146 0.9562833333333334 0
1657970958149 0.9642666666666667 0
1657970958150 0.9680166666666666 0
1657970958153 0.9718833333333333 0
1657970958155 0.9738833333333333 0
1657970958156 0.9746 0
1657970958158 0.9769333333333333 0
1657971005542 0.8434833333333334 0
1657971005547 0.9160333333333334 0
1657971005549 0.9431 0
1657971005551 0.9562833333333334 0
1657971005552 0.9642666666666667 0
1657971005554 0.9680166666666666 0
1657971005556 0.9718833333333333 0
1657971005558 0.9738833333333333 0
1657971005560 0.9746 0
1657971005561 0.9769333333333333 0
1657971005563 0.9776666666666667 0
1657971052280 0.8434833333333334 0
1657971052292 0.9160333333333334 0
1657971052294 0.9431 0
1657971052296 0.9562833333333334 0
1657971052297 0.9642666666666667 0
1657971052299 0.9680166666666666 0
1657971052301 0.9718833333333333 0
1657971052302 0.9738833333333333 0
1657971052304 0.9746 0
1657971052306 0.9769333333333333 0
1657971052307 0.9776666666666667 0
1657971052309 0.9778166666666667 0
1657971099604 0.8434833333333334 0
1657971099620 0.9160333333333334 0
1657971099622 0.9431 0
1657971099622 0.9562833333333334 0
1657971099622 0.9642666666666667 0
1657971099622 0.9680166666666666 0
1657971099622 0.9718833333333333 0
1657971099622 0.9738833333333333 0
1657971099622 0.9746 0
1657971099622 0.9769333333333333 0
1657971099622 0.9776666666666667 0
1657971099637 0.9778166666666667 0
1657971099639 0.9795333333333334 0
1657971146956 0.8434833333333334 0
1657971146959 0.9160333333333334 0
1657971146961 0.9431 0
1657971146963 0.9562833333333334 0
1657971146964 0.9642666666666667 0
1657971146966 0.9680166666666666 0
1657971146968 0.9718833333333333 0
1657971146970 0.9738833333333333 0
1657971146971 0.9746 0
1657971146973 0.9769333333333333 0
1657971146975 0.9776666666666667 0
1657971146977 0.9778166666666667 0
1657971146978 0.9795333333333334 0
1657971146980 0.9794166666666667 0
1657971193806 0.8434833333333334 0
1657971193822 0.9160333333333334 0
1657971193824 0.9431 0
1657971193826 0.9562833333333334 0
1657971193828 0.9642666666666667 0
1657971193829 0.9680166666666666 0
1657971193831 0.9718833333333333 0
1657971193833 0.9738833333333333 0
1657971193834 0.9746 0
1657971193836 0.9769333333333333 0
1657971193838 0.9776666666666667 0
1657971193840 0.9778166666666667 0
1657971193842 0.9795333333333334 0
1657971193843 0.9794166666666667 0
1657971193845 0.9783666666666667 0
1657971240306 0.8434833333333334 0
1657971240321 0.9160333333333334 0
1657971240323 0.9431 0
1657971240325 0.9562833333333334 0
1657971240327 0.9642666666666667 0
1657971240328 0.9680166666666666 0
1657971240330 0.9718833333333333 0
1657971240332 0.9738833333333333 0
1657971240333 0.9746 0
1657971240335 0.9769333333333333 0
1657971240337 0.9776666666666667 0
1657971240339 0.9778166666666667 0
1657971240341 0.9795333333333334 0
1657971240342 0.9794166666666667 0
1657971240344 0.9783666666666667 0
1657971240346 0.9803333333333333 0
1657971286988 0.8434833333333334 0
1657971286990 0.9160333333333334 0
1657971286992 0.9431 0
1657971286994 0.9562833333333334 0
1657971286996 0.9642666666666667 0
1657971286998 0.9680166666666666 0
1657971286999 0.9718833333333333 0
1657971287000 0.9738833333333333 0
1657971287002 0.9746 0
1657971287004 0.9769333333333333 0
1657971287005 0.9776666666666667 0
1657971287007 0.9778166666666667 0
1657971287009 0.9795333333333334 0
1657971287011 0.9794166666666667 0
1657971287012 0.9783666666666667 0
1657971287014 0.9803333333333333 0
1657971287016 0.98225 0
1657971334309 0.8434833333333334 0
1657971334320 0.9160333333333334 0
1657971334322 0.9431 0
1657971334324 0.9562833333333334 0
1657971334324 0.9642666666666667 0
1657971334324 0.9680166666666666 0
1657971334324 0.9718833333333333 0
1657971334324 0.9738833333333333 0
1657971334331 0.9746 0
1657971334333 0.9769333333333333 0
1657971334334 0.9776666666666667 0
1657971334336 0.9778166666666667 0
1657971334338 0.9795333333333334 0
1657971334339 0.9794166666666667 0
1657971334341 0.9783666666666667 0
1657971334342 0.9803333333333333 0
1657971334344 0.98225 0
1657971334345 0.9819166666666667 0
1657971381013 0.8434833333333334 0
1657971381016 0.9160333333333334 0
1657971381018 0.9431 0
1657971381020 0.9562833333333334 0
1657971381023 0.9642666666666667 0
1657971381025 0.9680166666666666 0
1657971381026 0.9718833333333333 0
1657971381028 0.9738833333333333 0
1657971381030 0.9746 0
1657971381032 0.9769333333333333 0
1657971381033 0.9776666666666667 0
1657971381035 0.9778166666666667 0
1657971381037 0.9795333333333334 0
1657971381039 0.9794166666666667 0
1657971381040 0.9783666666666667 0
1657971381042 0.9803333333333333 0
1657971381044 0.98225 0
1657971381045 0.9819166666666667 0
1657971381047 0.98245 0
1657971428188 0.8434833333333334 0
1657971428190 0.9160333333333334 0
1657971428192 0.9431 0
1657971428194 0.9562833333333334 0
1657971428195 0.9642666666666667 0
1657971428197 0.9680166666666666 0
1657971428198 0.9718833333333333 0
1657971428200 0.9738833333333333 0
1657971428202 0.9746 0
1657971428203 0.9769333333333333 0
1657971428205 0.9776666666666667 0
1657971428207 0.9778166666666667 0
1657971428208 0.9795333333333334 0
1657971428210 0.9794166666666667 0
1657971428211 0.9783666666666667 0
1657971428213 0.9803333333333333 0
1657971428215 0.98225 0
1657971428216 0.9819166666666667 0
1657971428218 0.98245 0
1657971428220 0.98275 0
1657971475401 0.8434833333333334 0
1657971475410 0.9160333333333334 0
1657971475411 0.9431 0
1657971475411 0.9562833333333334 0
1657971475411 0.9642666666666667 0
1657971475411 0.9680166666666666 0
1657971475411 0.9718833333333333 0
1657971475411 0.9738833333333333 0
1657971475411 0.9746 0
1657971475411 0.9769333333333333 0
1657971475411 0.9776666666666667 0
1657971475427 0.9778166666666667 0
1657971475429 0.9795333333333334 0
1657971475430 0.9794166666666667 0
1657971475430 0.9783666666666667 0
1657971475430 0.9803333333333333 0
1657971475430 0.98225 0
1657971475430 0.9819166666666667 0
1657971475430 0.98245 0
1657971475430 0.98275 0
1657971475430 0.9833666666666666 0
1657971521217 0.8434833333333334 0
1657971521220 0.9160333333333334 0
1657971521220 0.9431 0
1657971521220 0.9562833333333334 0
1657971521220 0.9642666666666667 0
1657971521220 0.9680166666666666 0
1657971521220 0.9718833333333333 0
1657971521220 0.9738833333333333 0
1657971521220 0.9746 0
1657971521236 0.9769333333333333 0
1657971521237 0.9776666666666667 0
1657971521238 0.9778166666666667 0
1657971521238 0.9795333333333334 0
1657971521238 0.9794166666666667 0
1657971521238 0.9783666666666667 0
1657971521238 0.9803333333333333 0
1657971521238 0.98225 0
1657971521238 0.9819166666666667 0
1657971521238 0.98245 0
1657971521238 0.98275 0
1657971521238 0.9833666666666666 0
1657971521254 0.9839 0
1657971568987 0.8434833333333334 0
1657971569004 0.9160333333333334 0
1657971569007 0.9431 0
1657971569009 0.9562833333333334 0
1657971569011 0.9642666666666667 0
1657971569013 0.9680166666666666 0
1657971569015 0.9718833333333333 0
1657971569016 0.9738833333333333 0
1657971569018 0.9746 0
1657971569020 0.9769333333333333 0
1657971569022 0.9776666666666667 0
1657971569023 0.9778166666666667 0
1657971569025 0.9795333333333334 0
1657971569027 0.9794166666666667 0
1657971569029 0.9783666666666667 0
1657971569031 0.9803333333333333 0
1657971569033 0.98225 0
1657971569034 0.9819166666666667 0
1657971569036 0.98245 0
1657971569038 0.98275 0
1657971569040 0.9833666666666666 0
1657971569042 0.9839 0
1657971569043 0.9843166666666666 0
1657971615986 0.8434833333333334 0
1657971615988 0.9160333333333334 0
1657971615990 0.9431 0
1657971615993 0.9562833333333334 0
1657971615995 0.9642666666666667 0
1657971615997 0.9680166666666666 0
1657971615998 0.9718833333333333 0
1657971616000 0.9738833333333333 0
1657971616002 0.9746 0
1657971616003 0.9769333333333333 0
1657971616005 0.9776666666666667 0
1657971616007 0.9778166666666667 0
1657971616008 0.9795333333333334 0
1657971616010 0.9794166666666667 0
1657971616012 0.9783666666666667 0
1657971616013 0.9803333333333333 0
1657971616015 0.98225 0
1657971616017 0.9819166666666667 0
1657971616018 0.98245 0
1657971616020 0.98275 0
1657971616022 0.9833666666666666 0
1657971616023 0.9839 0
1657971616025 0.9843166666666666 0
1657971616027 0.9843333333333333 0
1657971663190 0.8434833333333334 0
1657971663198 0.9160333333333334 0
1657971663200 0.9431 0
1657971663202 0.9562833333333334 0
1657971663203 0.9642666666666667 0
1657971663205 0.9680166666666666 0
1657971663207 0.9718833333333333 0
1657971663208 0.9738833333333333 0
1657971663210 0.9746 0
1657971663212 0.9769333333333333 0
1657971663213 0.9776666666666667 0
1657971663215 0.9778166666666667 0
1657971663217 0.9795333333333334 0
1657971663218 0.9794166666666667 0
1657971663220 0.9783666666666667 0
1657971663222 0.9803333333333333 0
1657971663225 0.98225 0
1657971663227 0.9819166666666667 0
1657971663229 0.98245 0
1657971663231 0.98275 0
1657971663233 0.9833666666666666 0
1657971663235 0.9839 0
1657971663237 0.9843166666666666 0
1657971663238 0.9843333333333333 0
1657971663240 0.9840166666666667 0
1657971709701 0.8434833333333334 0
1657971709705 0.9160333333333334 0
1657971709707 0.9431 0
1657971709709 0.9562833333333334 0
1657971709711 0.9642666666666667 0
1657971709713 0.9680166666666666 0
1657971709715 0.9718833333333333 0
1657971709716 0.9738833333333333 0
1657971709718 0.9746 0
1657971709720 0.9769333333333333 0
1657971709722 0.9776666666666667 0
1657971709723 0.9778166666666667 0
1657971709725 0.9795333333333334 0
1657971709727 0.9794166666666667 0
1657971709728 0.9783666666666667 0
1657971709730 0.9803333333333333 0
1657971709731 0.98225 0
1657971709733 0.9819166666666667 0
1657971709735 0.98245 0
1657971709736 0.98275 0
1657971709738 0.9833666666666666 0
1657971709740 0.9839 0
1657971709741 0.9843166666666666 0
1657971709743 0.9843333333333333 0
1657971709745 0.9840166666666667 0
1657971709746 0.9839166666666667 0
1657971756447 0.8434833333333334 0
1657971756451 0.9160333333333334 0
1657971756453 0.9431 0
1657971756455 0.9562833333333334 0
1657971756457 0.9642666666666667 0
1657971756459 0.9680166666666666 0
1657971756461 0.9718833333333333 0
1657971756462 0.9738833333333333 0
1657971756464 0.9746 0
1657971756466 0.9769333333333333 0
1657971756467 0.9776666666666667 0
1657971756469 0.9778166666666667 0
1657971756470 0.9795333333333334 0
1657971756472 0.9794166666666667 0
1657971756474 0.9783666666666667 0
1657971756476 0.9803333333333333 0
1657971756477 0.98225 0
1657971756479 0.9819166666666667 0
1657971756481 0.98245 0
1657971756482 0.98275 0
1657971756484 0.9833666666666666 0
1657971756485 0.9839 0
1657971756487 0.9843166666666666 0
1657971756489 0.9843333333333333 0
1657971756490 0.9840166666666667 0
1657971756492 0.9839166666666667 0
1657971756494 0.9840166666666667 0
1657971803912 0.8434833333333334 0
1657971803915 0.9160333333333334 0
1657971803917 0.9431 0
1657971803920 0.9562833333333334 0
1657971803922 0.9642666666666667 0
1657971803923 0.9680166666666666 0
1657971803925 0.9718833333333333 0
1657971803927 0.9738833333333333 0
1657971803929 0.9746 0
1657971803931 0.9769333333333333 0
1657971803932 0.9776666666666667 0
1657971803934 0.9778166666666667 0
1657971803937 0.9795333333333334 0
1657971803938 0.9794166666666667 0
1657971803940 0.9783666666666667 0
1657971803942 0.9803333333333333 0
1657971803944 0.98225 0
1657971803946 0.9819166666666667 0
1657971803947 0.98245 0
1657971803949 0.98275 0
1657971803951 0.9833666666666666 0
1657971803953 0.9839 0
1657971803955 0.9843166666666666 0
1657971803957 0.9843333333333333 0
1657971803959 0.9840166666666667 0
1657971803960 0.9839166666666667 0
1657971803962 0.9840166666666667 0
1657971803964 0.9848666666666667 0
1657971854763 0.8434833333333334 0
1657971854766 0.9160333333333334 0
1657971854768 0.9431 0
1657971854770 0.9562833333333334 0
1657971854772 0.9642666666666667 0
1657971854774 0.9680166666666666 0
1657971854776 0.9718833333333333 0
1657971854778 0.9738833333333333 0
1657971854780 0.9746 0
1657971854781 0.9769333333333333 0
1657971854781 0.9776666666666667 0
1657971854781 0.9778166666666667 0
1657971854781 0.9795333333333334 0
1657971854781 0.9794166666666667 0
1657971854781 0.9783666666666667 0
1657971854781 0.9803333333333333 0
1657971854781 0.98225 0
1657971854797 0.9819166666666667 0
1657971854797 0.98245 0
1657971854797 0.98275 0
1657971854797 0.9833666666666666 0
1657971854797 0.9839 0
1657971854797 0.9843166666666666 0
1657971854797 0.9843333333333333 0
1657971854797 0.9840166666666667 0
1657971854812 0.9839166666666667 0
1657971854812 0.9840166666666667 0
1657971854812 0.9848666666666667 0
1657971854812 0.9846666666666667 0
