1657970534708 5.641657717439036 0
1657970582512 5.641657717439036 0
1657970582512 2.8014348498824986 0
1657970628742 5.641657717439036 0
1657970628743 2.8014348498824986 0
1657970628745 1.9916627650824374 0
1657970676235 5.641657717439036 0
1657970676237 2.8014348498824986 0
1657970676239 1.9916627650824374 0
1657970676241 1.5346161761080537 0
1657970723279 5.641657717439036 0
1657970723281 2.8014348498824986 0
1657970723283 1.9916627650824374 0
1657970723285 1.5346161761080537 0
1657970723287 1.2877423621818889 0
1657970770002 5.641657717439036 0
1657970770004 2.8014348498824986 0
1657970770006 1.9916627650824374 0
1657970770008 1.5346161761080537 0
1657970770009 1.2877423621818889 0
1657970770011 1.1604021127452142 0
1657970817268 5.641657717439036 0
1657970817269 2.8014348498824986 0
1657970817271 1.9916627650824374 0
1657970817273 1.5346161761080537 0
1657970817274 1.2877423621818889 0
1657970817276 1.1604021127452142 0
1657970817277 1.0132885586237534 0
1657970864629 5.641657717439036 0
1657970864631 2.8014348498824986 0
1657970864632 1.9916627650824374 0
1657970864634 1.5346161761080537 0
1657970864636 1.2877423621818889 0
1657970864638 1.1604021127452142 0
1657970864640 1.0132885586237534 0
1657970864641 0.9427257643793322 0
1657970911319 5.641657717439036 0
1657970911321 2.8014348498824986 0
1657970911322 1.9916627650824374 0
1657970911324 1.5346161761080537 0
1657970911326 1.2877423621818889 0
1657970911327 1.1604021127452142 0
1657970911329 1.0132885586237534 0
1657970911331 0.9427257643793322 0
1657970911333 0.9007832949371853 0
1657970958160 5.641657717439036 0
1657970958161 2.8014348498824986 0
1657970958163 1.9916627650824374 0
1657970958165 1.5346161761080537 0
1657970958167 1.2877423621818889 0
1657970958168 1.1604021127452142 0
1657970958171 1.0132885586237534 0
1657970958173 0.9427257643793322 0
1657970958175 0.9007832949371853 0
1657970958177 0.8297162685178531 0
1657971005564 5.641657717439036 0
1657971005566 2.8014348498824986 0
1657971005568 1.9916627650824374 0
1657971005569 1.5346161761080537 0
1657971005571 1.2877423621818889 0
1657971005573 1.1604021127452142 0
1657971005574 1.0132885586237534 0
1657971005576 0.9427257643793322 0
1657971005578 0.9007832949371853 0
1657971005579 0.8297162685178531 0
1657971005581 0.807143557513676 0
1657971052311 5.641657717439036 0
1657971052313 2.8014348498824986 0
1657971052315 1.9916627650824374 0
1657971052317 1.5346161761080537 0
1657971052318 1.2877423621818889 0
1657971052320 1.1604021127452142 0
1657971052322 1.0132885586237534 0
1657971052323 0.9427257643793322 0
1657971052325 0.9007832949371853 0
1657971052327 0.8297162685178531 0
1657971052329 0.807143557513676 0
1657971052331 0.7765275023939708 0
1657971099640 5.641657717439036 0
1657971099640 2.8014348498824986 0
1657971099640 1.9916627650824374 0
1657971099640 1.5346161761080537 0
1657971099640 1.2877423621818889 0
1657971099640 1.1604021127452142 0
1657971099640 1.0132885586237534 0
1657971099640 0.9427257643793322 0
1657971099640 0.9007832949371853 0
1657971099656 0.8297162685178531 0
1657971099656 0.807143557513676 0
1657971099656 0.7765275023939708 0
1657971099656 0.7381123277698255 0
1657971146981 5.641657717439036 0
1657971146983 2.8014348498824986 0
1657971146985 1.9916627650824374 0
1657971146986 1.5346161761080537 0
1657971146988 1.2877423621818889 0
1657971146990 1.1604021127452142 0
1657971146991 1.0132885586237534 0
1657971146993 0.9427257643793322 0
1657971146995 0.9007832949371853 0
1657971146996 0.8297162685178531 0
1657971146998 0.807143557513676 0
1657971147000 0.7765275023939708 0
1657971147001 0.7381123277698255 0
1657971147003 0.7271772789026727 0
1657971193847 5.641657717439036 0
1657971193848 2.8014348498824986 0
1657971193850 1.9916627650824374 0
1657971193852 1.5346161761080537 0
1657971193854 1.2877423621818889 0
1657971193856 1.1604021127452142 0
1657971193858 1.0132885586237534 0
1657971193860 0.9427257643793322 0
1657971193862 0.9007832949371853 0
1657971193863 0.8297162685178531 0
1657971193865 0.807143557513676 0
1657971193867 0.7765275023939708 0
1657971193868 0.7381123277698255 0
1657971193870 0.7271772789026727 0
1657971193872 0.760609628999567 0
1657971240347 5.641657717439036 0
1657971240349 2.8014348498824986 0
1657971240351 1.9916627650824374 0
1657971240353 1.5346161761080537 0
1657971240354 1.2877423621818889 0
1657971240356 1.1604021127452142 0
1657971240358 1.0132885586237534 0
1657971240359 0.9427257643793322 0
1657971240361 0.9007832949371853 0
1657971240363 0.8297162685178531 0
1657971240365 0.807143557513676 0
1657971240366 0.7765275023939708 0
1657971240368 0.7381123277698255 0
1657971240370 0.7271772789026727 0
1657971240372 0.760609628999567 0
1657971240374 0.6913460876706328 0
1657971287017 5.641657717439036 0
1657971287019 2.8014348498824986 0
1657971287021 1.9916627650824374 0
1657971287023 1.5346161761080537 0
1657971287024 1.2877423621818889 0
1657971287026 1.1604021127452142 0
1657971287028 1.0132885586237534 0
1657971287030 0.9427257643793322 0
1657971287031 0.9007832949371853 0
1657971287033 0.8297162685178531 0
1657971287035 0.807143557513676 0
1657971287037 0.7765275023939708 0
1657971287038 0.7381123277698255 0
1657971287040 0.7271772789026727 0
1657971287042 0.760609628999567 0
1657971287043 0.6913460876706328 0
1657971287045 0.6557882740619243 0
1657971334347 5.641657717439036 0
1657971334349 2.8014348498824986 0
1657971334350 1.9916627650824374 0
1657971334352 1.5346161761080537 0
1657971334353 1.2877423621818889 0
1657971334355 1.1604021127452142 0
1657971334357 1.0132885586237534 0
1657971334358 0.9427257643793322 0
1657971334360 0.9007832949371853 0
1657971334361 0.8297162685178531 0
1657971334363 0.807143557513676 0
1657971334365 0.7765275023939708 0
1657971334366 0.7381123277698255 0
1657971334368 0.7271772789026727 0
1657971334369 0.760609628999567 0
1657971334371 0.6913460876706328 0
1657971334372 0.6557882740619243 0
1657971334374 0.6592285622073298 0
1657971381049 5.641657717439036 0
1657971381051 2.8014348498824986 0
1657971381053 1.9916627650824374 0
1657971381054 1.5346161761080537 0
1657971381056 1.2877423621818889 0
1657971381058 1.1604021127452142 0
1657971381060 1.0132885586237534 0
1657971381061 0.9427257643793322 0
1657971381063 0.9007832949371853 0
1657971381065 0.8297162685178531 0
1657971381067 0.807143557513676 0
1657971381068 0.7765275023939708 0
1657971381070 0.7381123277698255 0
1657971381072 0.7271772789026727 0
1657971381074 0.760609628999567 0
1657971381076 0.6913460876706328 0
1657971381078 0.6557882740619243 0
1657971381079 0.6592285622073298 0
1657971381081 0.6375401858531404 0
1657971428221 5.641657717439036 0
1657971428223 2.8014348498824986 0
1657971428224 1.9916627650824374 0
1657971428226 1.5346161761080537 0
1657971428228 1.2877423621818889 0
1657971428229 1.1604021127452142 0
1657971428231 1.0132885586237534 0
1657971428233 0.9427257643793322 0
1657971428234 0.9007832949371853 0
1657971428236 0.8297162685178531 0
1657971428238 0.807143557513676 0
1657971428240 0.7765275023939708 0
1657971428241 0.7381123277698255 0
1657971428243 0.7271772789026727 0
1657971428245 0.760609628999567 0
1657971428247 0.6913460876706328 0
1657971428248 0.6557882740619243 0
1657971428250 0.6592285622073298 0
1657971428252 0.6375401858531404 0
1657971428254 0.6296343859036764 0
1657971475430 5.641657717439036 0
1657971475446 2.8014348498824986 0
1657971475446 1.9916627650824374 0
1657971475446 1.5346161761080537 0
1657971475446 1.2877423621818889 0
1657971475446 1.1604021127452142 0
1657971475446 1.0132885586237534 0
1657971475446 0.9427257643793322 0
1657971475446 0.9007832949371853 0
1657971475446 0.8297162685178531 0
1657971475462 0.807143557513676 0
1657971475464 0.7765275023939708 0
1657971475465 0.7381123277698255 0
1657971475467 0.7271772789026727 0
1657971475469 0.760609628999567 0
1657971475470 0.6913460876706328 0
1657971475472 0.6557882740619243 0
1657971475474 0.6592285622073298 0
1657971475475 0.6375401858531404 0
1657971475477 0.6296343859036764 0
1657971475479 0.623860351612869 0
1657971521254 5.641657717439036 0
1657971521254 2.8014348498824986 0
1657971521254 1.9916627650824374 0
1657971521254 1.5346161761080537 0
1657971521254 1.2877423621818889 0
1657971521254 1.1604021127452142 0
1657971521254 1.0132885586237534 0
1657971521254 0.9427257643793322 0
1657971521270 0.9007832949371853 0
1657971521270 0.8297162685178531 0
1657971521270 0.807143557513676 0
1657971521270 0.7765275023939708 0
1657971521270 0.7381123277698255 0
1657971521270 0.7271772789026727 0
1657971521270 0.760609628999567 0
1657971521270 0.6913460876706328 0
1657971521285 0.6557882740619243 0
1657971521285 0.6592285622073298 0
1657971521285 0.6375401858531404 0
1657971521285 0.6296343859036764 0
1657971521285 0.623860351612869 0
1657971521285 0.6005530129182444 0
1657971569045 5.641657717439036 0
1657971569047 2.8014348498824986 0
1657971569049 1.9916627650824374 0
1657971569051 1.5346161761080537 0
1657971569053 1.2877423621818889 0
1657971569054 1.1604021127452142 0
1657971569056 1.0132885586237534 0
1657971569058 0.9427257643793322 0
1657971569059 0.9007832949371853 0
1657971569061 0.8297162685178531 0
1657971569062 0.807143557513676 0
1657971569064 0.7765275023939708 0
1657971569066 0.7381123277698255 0
1657971569067 0.7271772789026727 0
1657971569069 0.760609628999567 0
1657971569071 0.6913460876706328 0
1657971569072 0.6557882740619243 0
1657971569074 0.6592285622073298 0
1657971569075 0.6375401858531404 0
1657971569077 0.6296343859036764 0
1657971569079 0.623860351612869 0
1657971569080 0.6005530129182444 0
1657971569082 0.5980242159296176 0
1657971616028 5.641657717439036 0
1657971616030 2.8014348498824986 0
1657971616031 1.9916627650824374 0
1657971616033 1.5346161761080537 0
1657971616035 1.2877423621818889 0
1657971616036 1.1604021127452142 0
1657971616038 1.0132885586237534 0
1657971616040 0.9427257643793322 0
1657971616041 0.9007832949371853 0
1657971616043 0.8297162685178531 0
1657971616044 0.807143557513676 0
1657971616046 0.7765275023939708 0
1657971616048 0.7381123277698255 0
1657971616049 0.7271772789026727 0
1657971616051 0.760609628999567 0
1657971616053 0.6913460876706328 0
1657971616054 0.6557882740619243 0
1657971616056 0.6592285622073298 0
1657971616057 0.6375401858531404 0
1657971616059 0.6296343859036764 0
1657971616061 0.623860351612869 0
1657971616062 0.6005530129182444 0
1657971616064 0.5980242159296176 0
1657971616066 0.5867165616038256 0
1657971663242 5.641657717439036 0
1657971663243 2.8014348498824986 0
1657971663245 1.9916627650824374 0
1657971663247 1.5346161761080537 0
1657971663249 1.2877423621818889 0
1657971663250 1.1604021127452142 0
1657971663252 1.0132885586237534 0
1657971663254 0.9427257643793322 0
1657971663256 0.9007832949371853 0
1657971663258 0.8297162685178531 0
1657971663259 0.807143557513676 0
1657971663261 0.7765275023939708 0
1657971663263 0.7381123277698255 0
1657971663265 0.7271772789026727 0
1657971663267 0.760609628999567 0
1657971663268 0.6913460876706328 0
1657971663270 0.6557882740619243 0
1657971663272 0.6592285622073298 0
1657971663274 0.6375401858531404 0
1657971663275 0.6296343859036764 0
1657971663277 0.623860351612869 0
1657971663279 0.6005530129182444 0
1657971663280 0.5980242159296176 0
1657971663282 0.5867165616038256 0
1657971663284 0.5930327178049871 0
1657971709748 5.641657717439036 0
1657971709750 2.8014348498824986 0
1657971709751 1.9916627650824374 0
1657971709753 1.5346161761080537 0
1657971709754 1.2877423621818889 0
1657971709756 1.1604021127452142 0
1657971709758 1.0132885586237534 0
1657971709759 0.9427257643793322 0
1657971709761 0.9007832949371853 0
1657971709762 0.8297162685178531 0
1657971709764 0.807143557513676 0
1657971709766 0.7765275023939708 0
1657971709767 0.7381123277698255 0
1657971709769 0.7271772789026727 0
1657971709771 0.760609628999567 0
1657971709772 0.6913460876706328 0
1657971709774 0.6557882740619243 0
1657971709776 0.6592285622073298 0
1657971709777 0.6375401858531404 0
1657971709779 0.6296343859036764 0
1657971709781 0.623860351612869 0
1657971709789 0.6005530129182444 0
1657971709791 0.5980242159296176 0
1657971709793 0.5867165616038256 0
1657971709794 0.5930327178049871 0
1657971709796 0.6040056171806646 0
1657971756495 5.641657717439036 0
1657971756497 2.8014348498824986 0
1657971756499 1.9916627650824374 0
1657971756500 1.5346161761080537 0
1657971756502 1.2877423621818889 0
1657971756504 1.1604021127452142 0
1657971756505 1.0132885586237534 0
1657971756507 0.9427257643793322 0
1657971756508 0.9007832949371853 0
1657971756510 0.8297162685178531 0
1657971756512 0.807143557513676 0
1657971756513 0.7765275023939708 0
1657971756515 0.7381123277698255 0
1657971756517 0.7271772789026727 0
1657971756518 0.760609628999567 0
1657971756520 0.6913460876706328 0
1657971756522 0.6557882740619243 0
1657971756523 0.6592285622073298 0
1657971756525 0.6375401858531404 0
1657971756526 0.6296343859036764 0
1657971756528 0.623860351612869 0
1657971756530 0.6005530129182444 0
1657971756532 0.5980242159296176 0
1657971756534 0.5867165616038256 0
1657971756535 0.5930327178049871 0
1657971756537 0.6040056171806646 0
1657971756539 0.5805886978916532 0
1657971803967 5.641657717439036 0
1657971803970 2.8014348498824986 0
1657971803971 1.9916627650824374 0
1657971803973 1.5346161761080537 0
1657971803975 1.2877423621818889 0
1657971803977 1.1604021127452142 0
1657971803979 1.0132885586237534 0
1657971803980 0.9427257643793322 0
1657971803982 0.9007832949371853 0
1657971803984 0.8297162685178531 0
1657971803986 0.807143557513676 0
1657971803988 0.7765275023939708 0
1657971803990 0.7381123277698255 0
1657971803991 0.7271772789026727 0
1657971803993 0.760609628999567 0
1657971803995 0.6913460876706328 0
1657971803997 0.6557882740619243 0
1657971803999 0.6592285622073298 0
1657971804001 0.6375401858531404 0
1657971804003 0.6296343859036764 0
1657971804005 0.623860351612869 0
1657971804007 0.6005530129182444 0
1657971804009 0.5980242159296176 0
1657971804010 0.5867165616038256 0
1657971804012 0.5930327178049871 0
1657971804014 0.6040056171806646 0
1657971804016 0.5805886978916532 0
1657971804018 0.5638716583007287 0
1657971854812 5.641657717439036 0
1657971854812 2.8014348498824986 0
1657971854812 1.9916627650824374 0
1657971854812 1.5346161761080537 0
1657971854812 1.2877423621818889 0
1657971854828 1.1604021127452142 0
1657971854828 1.0132885586237534 0
1657971854828 0.9427257643793322 0
1657971854828 0.9007832949371853 0
1657971854828 0.8297162685178531 0
1657971854828 0.807143557513676 0
1657971854828 0.7765275023939708 0
1657971854828 0.7381123277698255 0
1657971854844 0.7271772789026727 0
1657971854844 0.760609628999567 0
1657971854844 0.6913460876706328 0
1657971854844 0.6557882740619243 0
1657971854844 0.6592285622073298 0
1657971854844 0.6375401858531404 0
1657971854844 0.6296343859036764 0
1657971854844 0.623860351612869 0
1657971854859 0.6005530129182444 0
1657971854859 0.5980242159296176 0
1657971854859 0.5867165616038256 0
1657971854859 0.5930327178049871 0
1657971854859 0.6040056171806646 0
1657971854859 0.5805886978916532 0
1657971854859 0.5638716583007287 0
1657971854859 0.5802649645258012 0
