1657974470113 2.434666583441819 0
1657974515276 2.434666583441819 0
1657974515278 1.2321301922691055 0
1657974557947 2.434666583441819 0
1657974557949 1.2321301922691055 0
1657974557951 0.8946597015298903 0
1657974600520 2.434666583441819 0
1657974600522 1.2321301922691055 0
1657974600523 0.8946597015298903 0
1657974600525 0.7233784909701596 0
1657974642953 2.434666583441819 0
1657974642954 1.2321301922691055 0
1657974642956 0.8946597015298903 0
1657974642957 0.7233784909701596 0
1657974642959 0.6372948696825188 0
